2019 1998 2021 2058 1944 1962 2017 1975 2047 2027 
1966 2097 1947 2034 2009 1930 2021 2012 1967 2005 
1964 2008 1970 1911 2022 1982 2041 1955 2012 1973 
1972 1949 1996 1974 2061 2009 2001 1991 1998 2009 
2067 2009 1970 2016 2050 1994 2013 2033 1918 2032 
2112 1964 1959 1947 1970 2035 1969 2005 1983 2010 
1964 2070 1957 2006 2060 2025 1991 1940 2007 2054 
1948 2021 1981 2019 1975 2043 1943 2042 2008 1962 
2006 1965 2033 2004 2016 1929 2060 2000 2011 1948 
2050 1907 2004 1991 1995 2045 2018 1989 2021 2082 
