
1
40248
4163
432
30
2
0

2
40372
4104
401
48
5
0

3
40658
3977
404
39
4
0

4
40211
4160
419
49
2
1

5
40400
4111
405
37
1
2

6
40237
4173
406
46
3
0

7
40498
4049
387
48
9
1

8
40524
4065
370
49
7
1

9
40625
4046
379
34
2
0

10
40442
4103
383
47
3
0

11
40485
4040
403
49
6
0

12
40652
4042
370
36
2
0

13
40496
4022
431
38
3
0

14
40736
3967
373
45
5
1

15
40395
4150
377
41
2
0

16
40353
4066
418
55
7
1

17
40461
4080
409
33
4
0

18
40408
4112
401
36
3
1

19
40518
4097
369
34
9
0

20
40634
3988
404
39
3
1
