2049 1955 2036 1906 1987 2068 2023 1976 2009 1986 
2049 2100 1941 1947 1980 1944 1956 1964 2004 1946 
1996 1936 2030 2029 2028 1979 1983 1931 2005 1947 
2010 2029 2080 2020 2039 1955 1995 2117 1968 1960 
2144 1949 1958 2009 2059 2028 2091 1946 1909 2033 
1974 2026 1957 2056 2043 2035 2011 2010 1960 2120 
1959 1951 1989 1994 2018 2177 1966 1957 2017 2011 
1872 1945 1981 1984 1996 2016 2002 1975 2096 1984 
2000 2013 1944 2090 1969 1959 2040 1963 2015 2014 
1942 1927 1948 2138 2007 2031 1972 2012 2024 1921 
