1978 1992 1993 2046 2045 1944 1976 1948 1942 2044 
1980 2005 2008 2039 2059 2003 2059 1977 1974 1975 
1991 2001 2015 1996 2028 1937 2039 1997 1951 1998 
1956 2024 1970 2035 1952 1965 2041 2028 2044 2054 
2040 2003 1982 1957 2014 2002 2008 1980 2025 2042 
1910 1996 2025 2008 2003 1961 2044 1936 2010 2008 
1994 1949 1993 2041 1976 2047 1979 2043 1980 2084 
2066 1999 2012 1932 1995 1977 1959 2067 2017 1958 
1985 2078 1946 1947 2050 2040 1971 1981 1910 1953 
2008 2032 2009 2068 1931 2025 2010 2025 2008 1992 
