10117 9934 10085 9951 10002 9984 9991 9941 9941 10041 
10044 10292 9916 10130 10093 9871 10036 9970 9935 9873 
9840 9968 9929 10030 10133 9953 10105 9690 9862 9972 
9947 9973 9970 10094 10027 9883 10046 10229 10072 10053 
10255 9967 9803 9989 10139 10039 10101 10012 9931 10152 
9956 9983 9909 9928 10038 9968 10039 9996 9992 10179 
9942 9986 9953 10031 10062 10208 9786 9969 9935 10206 
9912 10029 10031 9921 9982 10019 9950 10015 10144 9782 
9956 10043 9944 10041 10014 10001 10040 9902 9936 9857 
10018 9985 9942 10179 9898 10062 9984 10061 9986 9989 
