2022 2029 2002 1979 2021 1966 1985 2023 1947 2009 
2009 2021 2031 2046 2019 2049 2043 1999 2010 1957 
1958 2012 1906 2060 2024 2002 2026 1896 2002 2016 
2021 1985 1950 1965 1950 1950 2062 2025 2018 2036 
1996 2003 1971 2000 2011 2004 1961 2024 2005 2072 
1959 2006 1974 1955 1990 1934 1977 2064 1980 2030 
2012 1989 1984 2020 2017 1973 1917 1992 1997 2079 
2032 2044 2064 1959 1971 1958 2074 2001 1981 1928 
1985 2020 2007 1985 2043 2038 1912 1949 2001 1960 
1989 2075 2013 1993 2001 1995 2023 2039 1959 2074 
