2050 1959 2032 1962 2005 2044 1990 2019 1997 1975 
2040 2069 1989 2064 2026 1945 1957 2018 1980 1990 
1931 2011 2009 2034 2031 2053 2016 1911 1891 2038 
1988 1986 1974 2100 2025 2004 1947 2068 2044 1994 
2008 2003 1922 2007 2005 2011 2028 2029 2074 1973 
2001 1991 1994 1962 2032 2003 2038 1981 2059 2011 
2012 2027 2030 1970 1991 1986 1933 2037 1935 1978 
1994 2020 1993 2027 2045 2025 1972 1930 2042 1950 
1980 1967 2014 2015 1936 2035 2057 2009 1999 1982 
2029 2045 1968 1989 1964 1966 1961 1996 1973 1920 
